5
17.000000000000004, 78.52568074507825
17.000000000000004, 148.99744551687314
316.99999999999994, 521.4910593045753
987.0, 551.6932442042814
1017.0000000000001, 581.8954291056001
9
27.0, 108.72786564765457, 20
186.99999999999997, 350.34534486304295, 70
786.9999999999999, 501.35626937093707, 90
237.00000000000003, 501.35626937093707, 60
37.0, 249.67139519042485, 40
137.0, 219.46921028885978, 20
927.0, 591.9628240726328, 30
926.9999999999998, 481.2214794359996, 30
187.0, 219.46921028885978, 20
